v3.0 hex words addressed
00: b10340d 0200000 0300000 0700000 0400000 9102c0b 022a0a8 0300000
08: 0700000 0432000 9102c0b 0248120 0300000 0700000 0457800 7102c0b
10: 0266198 0300000 0700000 047d000 0800000 0000000 0000000 0000000
18: 0000000 0000000 0000000 0000000 0000000 0000000 0000000 0000000
20: 0000000 0000000 0000000 0000000 0000000 0000000 0000000 0000000
28: 0000000 0000000 0000000 0000000 0000000 0000000 0000000 0000000
30: 0000000 0000000 0000000 0000000 0000000 0000000 0000000 0000000
38: 0000000 0000000 0000000 0000000 0000000 0000000 0000000 0000000
40: 0000000 0000000 0000000 0000000 0000000 0000000 0000000 0000000
48: 0000000 0000000 0000000 0000000 0000000 0000000 0000000 0000000
50: 0000000 0000000 0000000 0000000 0000000 0000000 0000000 0000000
58: 0000000 0000000 0000000 0000000 0000000 0000000 0000000 0000000
60: 0000000 0000000 0000000 0000000 0000000 0000000 0000000 0000000
68: 0000000 0000000 0000000 0000000 0000000 0000000 0000000 0000000
70: 0000000 0000000 0000000 0000000 0000000 0000000 0000000 0000000
78: 0000000 0000000 0000000 0000000 0000000 0000000 0000000 0000000
80: 0000000 0000000 0000000 0000000 0000000 0000000 0000000 0000000
88: 0000000 0000000 0000000 0000000 0000000 0000000 0000000 0000000
90: 0000000 0000000 0000000 0000000 0000000 0000000 0000000 0000000
98: 0000000 0000000 0000000 0000000 0000000 0000000 0000000 0000000
a0: 0000000 0000000 0000000 0000000 0000000 0000000 0000000 0000000
a8: 0000000 0000000 0000000 0000000 0000000 0000000 0000000 0000000
b0: 0000000 0000000 0000000 0000000 0000000 0000000 0000000 0000000
b8: 0000000 0000000 0000000 0000000 0000000 0000000 0000000 0000000
c0: 0000000 0000000 0000000 0000000 0000000 0000000 0000000 0000000
c8: 0000000 0000000 0000000 0000000 0000000 0000000 0000000 0000000
d0: 0000000 0000000 0000000 0000000 0000000 0000000 0000000 0000000
d8: 0000000 0000000 0000000 0000000 0000000 0000000 0000000 0000000
e0: 0000000 0000000 0000000 0000000 0000000 0000000 0000000 0000000
e8: 0000000 0000000 0000000 0000000 0000000 0000000 0000000 0000000
f0: 0000000 0000000 0000000 0000000 0000000 0000000 0000000 0000000
f8: 0000000 0000000 0000000 0000000 0000000 0000000 0000000 0000000
